2000	1
2001	2
2002	3
2003	4
2004	5
2005	6
2006	7
2007	8
2008	9
2009	10
2010	11
2011	12
2012	13
2013	14
2014	15
2015	16
2016	17
2017	18
2018	19
2019	20
2020	21
2021	22
2022	23
2023	24
2024	25
2025	26
2026	27
2027	28
2028	29
2029	30
2030	31
2031	32
2032	33
2033	34
2034	35
2035	36
2036	1
2037	2
2038	3
2039	4
2040	5
2041	6
2042	7
2043	8
2044	9
2045	10
2046	11
2047	12
2048	13
2049	14
2050	15
2051	16
2052	17
2053	18
2054	19
2055	20
2056	21
2057	22
2058	23
2059	24
2060	25
2061	26
2062	27
2063	28
2064	29
2065	30
2066	31
2067	32
2068	33
2069	34
2070	35
2071	36
2072	1
2073	2
2074	3
2075	4
2076	5
2077	6
2078	7
2079	8
2080	9
2081	10
2082	11
2083	12
2084	13
2085	14
2086	15
2087	16
2088	17
2089	18
2090	19
2091	20
2092	21
2093	22
2094	23
2095	24
2096	25
2097	26
2098	27
2099	28
